0 1.0 0. 0.0953700980482
1 1.71585526757 0. 0.0631006863453
2 1.34233773974 0. 0.041067532548
3 0.988425395301 0. 0.0316748837484
4 0.902581649901 0. 0.0219777316297
5 0.810069937856 0. 0.0167588820995
6 0.80873606252 0. 0.0127762876011
7 0.795074525121 0. 0.0105009270403
8 0.806906919705 0. 0.00885345023968
9 0.826015311087 0. 0.00766377303818
10 0.834570587412 0. 0.00655979017167
11 0.83274425649 0. 0.00607879168513
12 0.859392138247 0. 0.00552092419017
13 0.863355604873 0. 0.00513171631178
14 0.8749022794 0. 0.00496663996132
15 0.89755229325 0. 0.00464546717404
16 0.894511475782 0. 0.00455258751508
17 0.910172256253 0. 0.00449895817818
18 0.927636784361 0. 0.0044625744835
19 0.942270215214 0. 0.00449335267794
20 0.959272124707 0. 0.00438866073088
21 0.956777828247 0. 0.00450790416539
22 0.977239098405 0. 0.00457099109214
23 0.987391931382 0. 0.00465103304909
24 0.993907205723 0. 0.00486453629929
25 1.01621152077 0. 0.00516372591825
26 1.03938744523 0. 0.00533489112435
27 1.04133810185 0. 0.00561145921084
28 1.04940267632 0. 0.00593209301288
29 1.05672436085 0. 0.00640618491199
30 1.0746846254 0. 0.0068336670813
31 1.0814294675 0. 0.00750816121083
32 1.10146157956 0. 0.00800262130159
33 1.10009180892 0. 0.00852707010733
34 1.10050058343 0. 0.00910891369002
35 1.10677043804 0. 0.00941201261584
36 1.08401027519 0. 0.0102491716902
37 1.09552511484 0. 0.010930101565
38 1.09118488646 0. 0.0117527816245
39 1.09682201857 0. 0.0125066524991
40 1.09450350444 0. 0.0145062690126
41 1.1458814157 0. 0.0146433530819
42 1.11183614515 0. 0.0162073378282
43 1.12780318653 0. 0.0179798441789
44 1.14331515752 0. 0.0202392995897
45 1.1758264275 0. 0.0217216088996
46 1.17396093141 0. 0.0250215105331
47 1.21218685741 0. 0.0265805810162
48 1.19954707686 0. 0.0301112199954
49 1.23572847494 0. 0.036385674879
50 1.30369065091 0. 0.0377512202055
51 1.30500184337 0. 0.0465649517159
52 1.3769372243 0. 0.0560585640837
53 1.47838606595 0. 0.0573362822929
54 1.4164012337 0. 0.0602969376375
55 1.38485903567 0. 0.0784060706584
56 1.53663629126 0. 0.0817665254869
57 1.52884580218 0. 0.103687968007
58 1.75294463163 0. 0.130382482636
59 1.87516106886 0. 0.128344401851
60 1.79393718935 0. 0.12354688335
61 1.6511955305 0. 0.200321090192
62 2.13607268969 0. 0.232544916909
63 2.20550126664 0. 0.195463053674
64 1.8484610075 0. 0.240518282901
65 2.05842648795 0. 0.502866832755
66 3.49976099372 0. 0.464903178413
67 2.62410443717 0. 0.349113202493
68 2.50137452563 0. 0.704857729493
69 3.13525510356 0. 0.657364593763
70 3.3812554043 0. 0.449125558524
71 2.65125666643 0. 1.25147157442
72 4.83686284529 0. 0.762962287623
73 3.79138344078 0. 0.937263152811
74 2.40620045723 0. 1.12782359031
75 3.02029636874 0. 1.66343206025
76 5.07032493483 0. 1.3923475934
77 4.04979912312 0. 0.640686736533
78 1.86036887915 0. 1.57210084622
79 5.86338491823 0. 7.71164536613
80 10.4959819455 0. 1.28849307683
81 3.25284301659 0. 90.5425004838
82 41.3627887278 0. 1.05361200153
83 3.43167257998 0. 1.40546911049
84 3.80896856835 0. 3.61673866957
85 9.04486608968 0. 2.21824689592
86 4.95548031786 0. 268.643085705
87 -69.4699027511 0. 0.983408711196
88 1.33788444576 0. 1.12477659389
89 2.18490367164 0. 2.52040332418
90 4.46978345539 0. 1517.86132812
91 -147.001663657 0. 6.3825252589
92 -4.69413681693 0. 91.250077459
93 28.2404814272 0. 3.6706105914
94 -2.1810802587 0. 3.27917954704
95 3.22277022144 0. 17.4479068204
96 18.2355530543 0. 47.4981797025
97 20.0128933074 0. 2.54459798781
98 3.92207961334 0. 1.86238232597
