0 1.0 0. 0.108982227719
1 1.69013185447 0. 0.0841376720346
2 1.35999206806 0. 0.0463383094988
3 0.904386228665 0. 0.0385013979355
4 0.858861295241 0. 0.0296195835906
5 0.834213777215 0. 0.0219712842119
6 0.800039900574 0. 0.0191039696645
7 0.844314206122 0. 0.0149515365118
8 0.841495617408 0. 0.011952271269
9 0.829086512981 0. 0.0104061922402
10 0.844879614779 0. 0.00909395961509
11 0.846410500767 0. 0.00814677333315
12 0.858710915264 0. 0.00786887949482
13 0.894666705078 0. 0.00738021203745
14 0.91068694144 0. 0.00677238085237
15 0.902838367908 0. 0.00648322281602
16 0.91259967588 0. 0.00640019096544
17 0.93325966607 0. 0.00628857342589
18 0.94368151519 0. 0.00600522776021
19 0.937408371456 0. 0.0061308204405
20 0.959073278901 0. 0.00610234226866
21 0.965506692811 0. 0.00622689094592
22 0.981432764301 0. 0.00644635355005
23 1.00277161421 0. 0.00647780519736
24 1.00447963518 0. 0.0068296681645
25 1.03004475988 0. 0.0070642423902
26 1.03897507229 0. 0.00735218770824
27 1.04951004537 0. 0.00757146541424
28 1.04890183699 0. 0.00815735014509
29 1.07185044126 0. 0.00860166248635
30 1.07327228717 0. 0.00898157980496
31 1.07188134822 0. 0.0099631196685
32 1.09460633758 0. 0.0107174098888
33 1.10563299706 0. 0.0110661695246
34 1.08079134352 0. 0.0121161594728
35 1.10106236399 0. 0.0133465806173
36 1.11672724291 0. 0.0141122641605
37 1.10804047483 0. 0.0147467211666
38 1.08952234883 0. 0.0162428355786
39 1.10950064578 0. 0.0184115742595
40 1.13591635704 0. 0.0202724734833
41 1.1584532323 0. 0.0207771540283
42 1.11670237173 0. 0.0229542559919
43 1.13362734876 0. 0.025082589063
44 1.14888595849 0. 0.0282943197509
45 1.17130336113 0. 0.0302467180591
46 1.1514915083 0. 0.0358840938775
47 1.2331134863 0. 0.0416744957527
48 1.25524386115 0. 0.0427693139384
49 1.22144259419 0. 0.0500023591854
50 1.27350477458 0. 0.0588392974106
51 1.37182373556 0. 0.0652951708696
52 1.34704791204 0. 0.0693720852608
53 1.31034042713 0. 0.101205677942
54 1.58981683639 0. 0.0972514971042
55 1.45371593097 0. 0.0933985267553
56 1.40795328693 0. 0.150313789064
57 1.68422681753 0. 0.173655246938
58 1.7770868177 0. 0.199803910505
59 1.85376052165 0. 0.286670636828
60 2.18368895039 0. 0.252554150399
61 1.839128697 0. 0.439839854961
62 2.3197219161 0. 0.211473765762
63 1.70059096105 0. 0.407104493786
64 2.2139158137 0. 0.308552127107
65 1.53937249517 0. 0.360013884822
66 2.04682566951 0. 0.62795107918
67 2.78212891914 0. 0.43556443328
68 2.65673646178 0. 0.914746131255
69 3.90632406594 0. 0.69289649381
70 2.42473377918 0. 0.766397727
71 2.4557728874 0. 0.641734888207
72 2.38883119409 0. 8.03449005729
73 7.6633593929 0. 0.825109430163
74 3.05375988286 0. 1.58610847151
75 2.31448550188 0. 4.63840726294
76 7.43250573862 0. 2.04377793942
77 4.64090690911 0. 54.5987137084
78 23.9535419921 0. 1.87968373678
79 4.05305502725 0. 4.58367287682
80 7.71809584331 0. 6.36422209712
81 8.70479530456 0. 2.4276281751
82 5.14007838734 0. 1.6140152873
83 2.77982035099 0. 4.26788658346
84 5.49366744975 0. 21.6643085045
85 11.8993575803 0. 9.03676210819
86 8.17033172306 0. 1.91155131629
87 -1.79516832674 0. 0.46709219498
88 0.468029641659 0. 6.21786004907
89 5.90667819814 0. 7.74265538094
90 -7.95416456446 0. 9.64874928051
91 8.7980508526 0. 6.58620228161
92 5.73032840429 0. 104.317527879
93 -73.9436016901 0. 43.9870414602
94 36.4598256741 0. 4996.37743373
95 5061.17410696 0. 9480.39152693
96 6770.55515698 0. 7.86990412041
97 5.56553985712 0. 0.0
98 0.0 0. 59.3577444495
